price
11.11
11.02
11.01
11.37
11.3
11.17
10.99
10.93
11.26
11.59
12.21
12.08
11.77
11.69
11.74
11.66
11.53
11.35
11.64
12.1
11.63
11.92
11.92
11.92
11.96
12.61
12.75
12.39
12.93
14.72
13.72
13.11
13.31
12.91
13.04
12.8
13.09
13.25
13.09
13.22
13.15
13.19
13.46
13.28
13
12.82
2.62
12.24
12.06
11.74
11.7
11.72
12.1
11.9
11.91
11.88
11.96
12.5
11.98
12
12.09
2.09
11.98
11.85
11.34
11.5
11.39
11.01
10.39
11.2
10.93
10.71
10.8
10.9
11.11
11.04
10.88
10.87
0.84
10.67
10.56
10.29
9.881
10.11
9.977
10.19
10.02
9.935
9.434
9.618
9.536
9.57
9.839
9.738
9.22
9.373
9.272
8.909
8.734
8.178
8.598
8.437
7.651
7.901
7.544
6.694
7.612
8.354
8.298
8.518
8.087
8.217
8.453
8.356
8.215
7.755
7.794
7.66
7.887
7.591
7.591
7.873
7.64
7.14
7.236
7.164
7.212
7.142
7.46
8.214
8.148
8.054
8.154
8.317
9.595
11
10.12
10.1
9.73
10.17
10.27
10.5
9.62
9.713
9.651
9.721
9.797
9.556
10.09
10.1
10.37
10.57
10.9
10.71
10.74
10.54
10.46
10.63
10.47
10.55
10.44
10.62
10.66
10.65
10.78
10.95
11.32
1.25
11.29
11.45
11.39
10.89
11.3
11.38
11.34
11.3
13
12.97
12.9
12.6
12.77
12.74
12.23
12.67
12.57
13.13
13.11
13.51
14.59
15.55
16
17.5
19
19
18.61
19.22
19.75
18.9
16.5
17.71
19.13
21.4
23.31
28.4
28.5
35.18
45.51
44.48
34
43.12
42.5
42.67
41.6
43.2
53.1
50.74
50.59
49.04
50.3
53.07
51.9
49.9
50.27
47.92
43.89
44.31
44.8
43
42
44.2
43.4
43.74
43.5
46.3
50
47.2
48.8
48.2
47.8
49.8
47.88
49.3
48.3
48.32
48.75
49.9
50.09
53.2
62
71
69.8
78
77.5
75.9
80.37
94.5
89.3
94.82
90.4
86
85
86.21
88.2
85.15
87.9
88.72
90.32
87.8
86.98
95.88
124.38
121.94
148
160.39
170
193
177
163
157
173
194
229
229
220
222
224
245
248
264
256
259
279
335
339
395
388
343
344
354
368
352
358
351
325
321
327
304
279
253
286
316
293
281
261
284
276
269
266
265
241
246
238
206
191
224
205
197
169
155
190
227
194
226
216
230
228
225
204
203
203
191
206
197
201
226
218
224
221
253
264
270
297
295
298
309
308
296
299
286
301
300
292
293
298
322
313
317
325
330
332
347
347
372
383
388
391
351
352
304
318
339
335
307
304
299
298
294
276
223
260
254
258
298
283
283
258
263
286
283
295
289
310
303
293
303
304
297
292
292
295
308
311
309
297
298
303
303
337
339
337
334
316
314
307
303
300
294
285
297
296
295
296
293
304
307
303
289
284
305
300
296
297
292
307
320
297
314
306
314
335
331
330
332
346
354
368
361
380
407
470
465
471
475
466
427
435
462
458
463
467
454
422
421
452
473
436
513
656
699
694
684
693
718
786
813
799
789
657
700
676
723
753
740
717
739
693
741
757
862
941
944
964
1008
1118
1136
1289
1249
1139
1261
1385
1359
1279
1050
1025
1013
1037
1151
1049
1000
984
1062
1046
1049
1109
1232
1170
1064
1111
1026
917
971
828
695
785
752
814
878
851
811
865
841
920
928
938
975
914
940
886
840
804
855
833
840
868
871
853
872
857
856
867
846
815
751
699
726
682
720
697
689
613
611
601
550
537
556
557
560
540
544
520
523
486
449
456
384
394
394
379
385
416
379
381
370
385
401
399
416
430
493
495
503
534
512
503
526
567
617
605
621
644
703
618
661
643
683
689
670
671
687
778
784
817
790
752
748
751
724
678
684
729
727
706
707
668
694
696
715
700
641
577
602
585
586
570
512
567
557
577
579
591
619
591
608
606
604.4
601
595
525
531
495
476
520
488
497
497
518
538
536
525
462
474
455
459
430
442
421
435
453
451
476
462
467
468
470
486
486
471
433
446
431
433
434
450
480
500
480
469
449
461
458
450
478
472
462
470
469
466
456
432
420
411
418
407
409
406
378
356
364
332
319
319
284
278
281
287
318
295
301
272
282
270
277
282
278
275
288
296
289
285
282
296
295
289
286
228
229
216
197
196
197
185
183
211
209
222
220
196
208
210
225
248
241
245
228
219
214
229
222
231
233
230
226
220
222
228
225
226
229
228
225
190
196
199
195
211
210
208
202
203
205
205
203
203
202
202
202
203
205
196
197
198
199
201
200
211
210
219
217
212
210
212
212
210
206
183
182
175
174
177
148
131
137
125
123
113
117
109
110
123
118
113
118
116
108
110
102
90
93
91
94.49
90
88
90
86
84
84
85.3
95
102
101
116
109
118
131
141
131
132
117
140
137
141
133
142
156
149
156
156
158
152
151
151
128
127
126
117
130
121
123
124
121
125
118
117
119
117
117
116
116
113
106
105
108
106
107
111
107
107
107
104
104
119
119
125
120
122
122
120
120
123
134
146
144
149
146
148
159
133
139
137
135
136
136
133
131
126
137
138
137
134
137
136
133
134
132
132
137
142
139
138
139
140
135
136
137
136
134
134
139
138
143
143
142
142
165
161
158
166
166
175
181
176
177
165
164
164
168
160
167
167
174
174
174
170
172
171
166
153
156
157
157
155
163
160
162
167
164
163
173
168
171
170
172
193
188
196
217
249
265
245
234
261
252
255
244
246
250
252
268
272
271
269
255
268
265
269
250
241
246
249
250
245
231
248
245
263
255
264
269
268
274
265
269
272
296
310
307
311
316
334
294
310
318
291
294
292
302
283
288
288
306
313
308
289
268
275
269
227
228
199
211
226
221
229
225
217
212
217
219
219
207
211
211
210
219
218
218
222
223
233
226
226
221
210
206
216
211
209
186
188
185
186
195
202
197
187
190
194
191
187
188
187
173
169
169
172
171
179
179
175
174
169
178
182
181
180
178
181
182
189
189
198
208
210
221
218
215
211
201
167
170
166
174
174
170
181
176
181
175
176
177
170
180
181
193
192
181
180
182
187
181
175
177
173
172
176
174
171
163
161
182
180
184
182
191
183
182
183
183
182
186
189
191
186
184
185
189
185
187
188
185
180
183
184
178
176
175
161
150
152
140
146
148
153
151
155
152
151
149
148
146
148
149
148
151
147
146
143
145
145
142
143
133
122
133
128
128
127
132
128
128
125
126
126
128
135
131
129
131
127
134
134
135
144
143
140
138
145
143
146.37
143.49
165.66
166.04
164.1
69.98
173.91
166.92
167
169.09
167.97
162.51
162.4
161
167.66
169.7
175.82
173.47
184.42
179.65
183.65
188.37
189
188.39
203.86
212.87
223.24
223.21
228.65
223.19
237.74
265.94
268.52
285.64
264.67
259.95
267.5
283
258.79
257.71
265.62
262.1
275.58
266
246.79
223.97
227.59
227.75
217.91
218.27
232.09
223.96
224.87
228.78
245.68
237.64
199.75
203.06
201
194.82
110.23
135.18
122.7
23.64
111.34
116.2
118.6
136.81
133.31
132.83
122.51
136.64
139
136
138.81
131.68
131.24
124.53
132.29
133.1
136.07
141.46
141.48
144.53
142.82
171.78
164.7
173.21
169.89
158.16
158.55
158.81
156.81
158.64
152.94
172.6
170.79
187.85
180.32
170.65
171.03
183.02
185.73
187.66
194
197.62
196.71
196.88
215.58
206.44
12.16
214.11
210.12
206.76
205.43
199.08
212.3
211.46
210.19
187.72
185.77
190.1
199.86
203.31
194.71
200.6
206.76
214.68
214.68
209.87
199
207
207
200
204.2
201
208.3
220.33
220.63
243.66
231.54
248.44
237.81
244.65
243
240
242
245
246
244
248
230
238
238
232
231
235
234
231
228.83
228.93
227.95
243
243
235
232
229.5
221
224.82
227.84
225.49
231.06
226.59
225.12
229.19
228.03
242
239.39
247.02
242.15
241.22
239.24
242.66
239.54
240.47
238.47
234
232.77
235.85
239.16
236.17
245
264.18
276
280
306
311
322.23
317.5
318.14
335.3
346.94
387.45
372
386
390
400.98
395
380
398
390
395.71
379
387
425
439
433
434
431
422.19
407.85
416.04
387.98
395.46
390.72
408.03
383.34
386.02
382.99
395.54
398.95
429.18
434.14
475.99
439.83
382.46
385.91
335.24
352.69
353.7
337.45
351
368.09
373.99
388.04
366
377.26
364.16
365.09
389.54
384.47
385.27
371.02
340.19
344.25
320.19
349.18
352.02
354.23
357.73
354.01
359.92
359.82
353.21
345.83
346.32
352.61
353.76
340.85
341.91
351.2
365.41
371
374
387
381
379
378
366
368.65
378.44
379.41
368.74
391.46
415
410
413
406
393
404
389
388
383
387
397
384
388
402.66
417
456.32
435.82
454.74
444.45
450.86
463.91
463
476.87
461.03
448.51
461.01
482.71
478.76
471.82
510.43
552
600.01
609.13
604.98
569.4
520.22
518.83
537.99
576
616
586.23
598.26
616.55
567.67
597
602
591.36
554.82
573.44
558.36
544.14
568.26
590.72
586.35
589.17
637.74
643.16
654.55
658.7
638.17
607.9
637
585.25
612.32
626.83
636.07
683.98
729.59
731.55
752.53
737.15
730.6
774.9
978.69
1043.16
1103.19
1210.59
1225.5
1216.98
1279.96
1255.72
1088.37
1050.04
1129.84
1232.11
1169.06
1228.52
1233.73
1258.31
1367.65
1377.75
1111.49
1234.56
1234.1
1392.45
1318.47
1368.22
1241.51
1330.78
1379.13
1379.35
1314.18
1374.57
1513.9
1667.22
1597.44
1721.48
1679.14
1614.64
1752.87
1772.05
1743
1787.69
1844.84
1817.48
1802.96
1779.4
1782.83
1851.14
1939.61
1957.47
1915.12
1935.14
1778.07
1578.19
1625.17
1481.88
1446.1
1460.23
1422.58
1571.49
1488.67
1568.65
1538.37
1529.75
1651.48
1726.33
1834.48
1872.1
1795.63
1827.06
1767.77
1921.18
1848.69
1794.83
1805.64
1823.03
1776.16
1809.76
1805.49
1783.94
1682.05
1668.69
1583.24
1586.98
1699.89
1713.94
1686.74
1816.48
1841.4
1919.08
1967.67
2134.46
2009.19
2076.62
2107.73
2112.29
1964.18
2081.11
2066.55
2133.82
2150.54
2137.79
2298.66
2431.86
2517.08
2425.96
2318.01
2240.96
2163.36
2332.45
2357.59
2401.35
2369.67
2216.56
2322.14
2534.9
2667.93
2750.91
2758.46
2775.96
2947.8
2951.98
3431.41
3241.09
3528.86
3491.74
3483.96
3916.25
3927.06
3949.77
4178.02
3811.29
3718.99
4080.13
3644.04
3586.18
3280.73
3377.65
2442.89
2772.84
2435.86
2297.03
2098.57
2648.77
2707.49
2888.94
2742.48
2412.36
2278.58
2386.91
2707.38
2634.23
2706.52
2856.01
2691.17
2629.76
2710.99
2593.12
2509.23
2610.64
2471.56
2355.09
2369.62
2509.7
2582.12
2543.6
2367.7
2372.31
2233.57
2166.61
2243.6
1887.89
1880.83
1968.56
1989.01
1810.27
1830.94
1983.33
2083.8
2165.61
2276.14
2109.29
2155.65
2227.18
2323.27
2196.71
2322.63
2317.12
2114.51
2145.67
2110.47
2140.45
2032.88
1940.61
1994.22
1918.17
1877.05
1899.96
1891.96
1818.6
1786.52
1994.98
2024.74
2125.57
2185.98
2194.34
2228.67
2301.98
2301.12
2383.24
2463.61
2531.75
2556.41
2608.44
2508.21
2725.72
2829.23
2892.36
3162.43
3013.75
3164.94
3141.67
3163.42
3047.29
3324.26
3266.71
3311.12
3147.63
3011.96
3013.52
3184.74
3286.5
3226.59
3241.65
3322.71
3172.57
3228.86
3093.62
3275.87
3246.78
3225.3
3228.46
3435.17
3829.18
3787.7
3939.79
3887.01
3952.33
3928.4
3433.48
3499.69
3424.24
3209.41
3266.43
3405.32
3285.4
3436.05
3615.22
3569.26
3398.82
3435.76
3328.85
2966.51
2760.2
3078.88
3154.62
2930.86
2925.34
3064.21
2927.73
2807.44
2850.87
3000.83
3310.63
3389.48
3420.14
3384.5
3516.09
3576.08
3588.12
3562.84
3576.4
3416.49
3544.14
3490.61
3607.55
3791.23
3868.16
3829.61
3846.66
3746.14
3877.45
4162.49
4062.76
3971.95
4168.96
4082.08
4220.26
4129.95
3924.31
4288.22
4417.4
4323.94
4290.1
4322.79
4593.15
4604.4
4536.99
4480.09
4521.41
4617.13
4810.97
4732.07
4632.98
4722.68
4668.7
4645.64
4627.5
4561.38
4210.14
4289.75
3998.17
4299.27
4415.72
4264.61
4090.46
4341.17
4271.96
4523.8
4042.55
4100.3
4297.92
4448.49
4631.1
4587.74
4514.8
4219.32
4124.26
4201.09
4357.17
4309.7
4439.98
4111.92
3902.49
4088.68
4135.31
3785.08
3862.18
4020.19
3957.03
3876.37
3961.96
3924.55
3945.57
4017.7
981.26
4112.35
4047.87
4097.06
4063.44
4037.87
3793.54
3629.31
3710.08
3675.79
3766.74
3830.92
3765.16
3785.67
3536.77
3406.48
3196.47
3080.81
3150.83
3083.68
3240.32
3373.03
3242.26
3309.66
3328.63
3349.61
3210.9
3161.5
3084.78
3002.43
2569.59
2412.23
2541.6
2442.27
2459.65
2464.13
2425.83
2547.03
2603.1
2603.24
2689.14
2790.15
2681.11
2697.18
2997.18
3015.26
3057.68
3141.38
3118.76
3246.72
3074.84
2928.93
2926.14
